filename: test.fdf
fd: 3
SWIDE:   800.000000 / 3 = 266.666667
SHEIGHT: 800.000000 / 3 = 266.666667
SCREEN_RATIO: 266.666667
INPUT test.fdf
WIDE_MAP: [3]
HEIGHT_MAP: [3]
LIMITS:
MIN: X: [-2] Y: [0]
MAX: X: [2] Y: [2]
SCALE: [93.750000]
OFFSETS:
X: [400] Y: [399]
draw_map()
DRAW CROSS
MAP: size: 3 wide: 3
bresenham_line()
A: (400.00, 400.00)  B: (466.29, 438.27)
(400, 400) 255
(401, 401) 255
(402, 401) 255
(403, 402) 255
(404, 402) 255
(405, 403) 255
(406, 403) 255
(407, 404) 255
(408, 405) 255
(409, 405) 255
(410, 406) 255
(411, 406) 255
(412, 407) 255
(413, 407) 255
(414, 408) 255
(415, 409) 255
(416, 409) 255
(417, 410) 255
(418, 410) 255
(419, 411) 255
(420, 412) 255
(421, 412) 255
(422, 413) 255
(423, 413) 255
(424, 414) 255
(425, 414) 255
(426, 415) 255
(427, 416) 255
(428, 416) 255
(429, 417) 255
(430, 417) 255
(431, 418) 255
(432, 418) 255
(433, 419) 255
(434, 420) 255
(435, 420) 255
(436, 421) 255
(437, 421) 255
(438, 422) 255
(439, 422) 255
(440, 423) 255
(441, 424) 255
(442, 424) 255
(443, 425) 255
(444, 425) 255
(445, 426) 255
(446, 426) 255
(447, 427) 255
(448, 428) 255
(449, 428) 255
(450, 429) 255
(451, 429) 255
(452, 430) 255
(453, 431) 255
(454, 431) 255
(455, 432) 255
(456, 432) 255
(457, 433) 255
(458, 433) 255
(459, 434) 255
(460, 435) 255
(461, 435) 255
(462, 436) 255
(463, 436) 255
(464, 437) 255
(465, 437) 255
bresenham_line()
A: (466.29, 438.27)  B: (532.58, 476.55)
(466, 438) 255
(467, 439) 255
(468, 439) 255
(469, 440) 255
(470, 440) 255
(471, 441) 255
(472, 441) 255
(473, 442) 255
(474, 443) 255
(475, 443) 255
(476, 444) 255
(477, 444) 255
(478, 445) 255
(479, 445) 255
(480, 446) 255
(481, 447) 255
(482, 447) 255
(483, 448) 255
(484, 448) 255
(485, 449) 255
(486, 450) 255
(487, 450) 255
(488, 451) 255
(489, 451) 255
(490, 452) 255
(491, 452) 255
(492, 453) 255
(493, 454) 255
(494, 454) 255
(495, 455) 255
(496, 455) 255
(497, 456) 255
(498, 456) 255
(499, 457) 255
(500, 458) 255
(501, 458) 255
(502, 459) 255
(503, 459) 255
(504, 460) 255
(505, 460) 255
(506, 461) 255
(507, 462) 255
(508, 462) 255
(509, 463) 255
(510, 463) 255
(511, 464) 255
(512, 464) 255
(513, 465) 255
(514, 466) 255
(515, 466) 255
(516, 467) 255
(517, 467) 255
(518, 468) 255
(519, 469) 255
(520, 469) 255
(521, 470) 255
(522, 470) 255
(523, 471) 255
(524, 471) 255
(525, 472) 255
(526, 473) 255
(527, 473) 255
(528, 474) 255
(529, 474) 255
(530, 475) 255
(531, 475) 255
bresenham_line()
A: (333.71, 438.27)  B: (400.00, 476.55)
(333, 438) 255
(334, 439) 255
(335, 439) 255
(336, 440) 255
(337, 440) 255
(338, 441) 255
(339, 441) 255
(340, 442) 255
(341, 443) 255
(342, 443) 255
(343, 444) 255
(344, 444) 255
(345, 445) 255
(346, 445) 255
(347, 446) 255
(348, 447) 255
(349, 447) 255
(350, 448) 255
(351, 448) 255
(352, 449) 255
(353, 450) 255
(354, 450) 255
(355, 451) 255
(356, 451) 255
(357, 452) 255
(358, 452) 255
(359, 453) 255
(360, 454) 255
(361, 454) 255
(362, 455) 255
(363, 455) 255
(364, 456) 255
(365, 456) 255
(366, 457) 255
(367, 458) 255
(368, 458) 255
(369, 459) 255
(370, 459) 255
(371, 460) 255
(372, 460) 255
(373, 461) 255
(374, 462) 255
(375, 462) 255
(376, 463) 255
(377, 463) 255
(378, 464) 255
(379, 464) 255
(380, 465) 255
(381, 466) 255
(382, 466) 255
(383, 467) 255
(384, 467) 255
(385, 468) 255
(386, 469) 255
(387, 469) 255
(388, 470) 255
(389, 470) 255
(390, 471) 255
(391, 471) 255
(392, 472) 255
(393, 473) 255
(394, 473) 255
(395, 474) 255
(396, 474) 255
(397, 475) 255
(398, 475) 255
(399, 476) 255
bresenham_line()
A: (400.00, 476.55)  B: (466.29, 514.82)
(400, 476) 255
(401, 477) 255
(402, 477) 255
(403, 478) 255
(404, 478) 255
(405, 479) 255
(406, 479) 255
(407, 480) 255
(408, 481) 255
(409, 481) 255
(410, 482) 255
(411, 482) 255
(412, 483) 255
(413, 483) 255
(414, 484) 255
(415, 485) 255
(416, 485) 255
(417, 486) 255
(418, 486) 255
(419, 487) 255
(420, 488) 255
(421, 488) 255
(422, 489) 255
(423, 489) 255
(424, 490) 255
(425, 490) 255
(426, 491) 255
(427, 492) 255
(428, 492) 255
(429, 493) 255
(430, 493) 255
(431, 494) 255
(432, 494) 255
(433, 495) 255
(434, 496) 255
(435, 496) 255
(436, 497) 255
(437, 497) 255
(438